1 8 1
13 18 1
13 12 1
13 20 1
13 21 1
13 23 1
18 32 1
18 38 1
4 40 1
41 46 1
53 48 1
53 35 1
53 59 1
66 67 1
68 69 1
68 69 1
74 75 1
74 76 1
74 78 1
74 62 1
74 63 1
74 75 1
74 76 1
74 78 1
74 62 1
74 63 1
75 81 1
62 80 1
62 81 1
62 74 1
62 75 1
62 76 1
62 78 1
62 63 1
29 19 1
29 25 1
29 26 1
29 24 1
29 27 1
29 28 1
29 45 1
63 16 1
63 80 1
63 74 1
63 75 1
63 76 1
63 62 1
63 61 1
63 65 1
45 38 1
45 169 1
12 11 1
12 37 1
32 18 1
32 33 1
32 58 1
32 38 1
27 19 1
27 118 1
27 136 1
27 25 1
27 26 1
27 159 1
27 24 1
27 28 1
27 45 1
27 29 1
80 74 1
80 62 1
115 15 1
115 116 1
45 38 1
45 77 1
69 68 1
69 70 1
69 71 1
69 50 1
69 73 1
69 16 1
146 137 1
146 152 1
146 153 1
146 64 1
57 119 1
57 137 1
57 154 1
57 156 1
81 80 1
81 74 1
81 75 1
81 76 1
81 62 1
106 55 1
106 69 1
106 67 1
7 39 1
7 51 1
7 52 1
7 16 1
7 117 1
7 17 1
46 33 1
46 37 1
46 38 1
46 82 1
46 43 1
96 94 1
96 2 1
96 52 1
96 117 1
9 54 1
9 1 1
9 5 1
9 108 1
9 124 1
9 134 1
171 86 1
171 54 1
171 116 1
171 32 1
171 33 1
171 150 1
171 59 1
171 164 1
171 38 1
171 82 1
171 169 1
171 44 1
171 45 1
171 46 1
107 102 1
107 114 1
95 102 1
95 145 1
155 119 1
155 119 1
155 119 1
33 86 1
33 54 1
33 116 1
33 32 1
33 150 1
33 59 1
33 164 1
33 38 1
33 82 1
33 46 1
33 171 1
168 150 1
168 159 1
168 160 1
168 163 1
93 92 1
93 39 1
93 2 1
93 5 1
130 123 1
124 118 1
124 123 1
124 134 1
124 139 1
124 82 1
124 46 1
143 130 1
143 131 1
143 21 1
143 34 1
143 150 1
143 23 1
143 167 1
38 43 1
38 44 1
38 45 1
38 46 1
38 171 1
23 130 1
23 135 1
23 21 1
23 140 1
23 143 1
23 150 1
23 22 1
23 167 1
28 19 1
28 25 1
28 24 1
14 83 1
14 89 1
22 48 1
22 87 1
22 88 1
22 54 1
22 55 1
22 31 1
22 21 1
22 23 1
22 60 1
89 83 1
89 14 1
89 164 1
89 169 1
135 34 1
19 26 1
19 24 1
19 28 1
58 105 1
58 30 1
58 147 1
58 161 1
58 78 1
58 65 1
147 157 1
156 119 1
156 137 1
156 57 1
156 153 1
156 154 1
156 64 1
35 86 1
35 3 1
35 49 1
35 50 1
35 73 1
35 11 1
35 12 1
35 31 1
35 53 1
35 36 1
35 37 1
35 167 1
35 170 1
114 107 1
119 2 1
119 145 1
119 57 1
119 154 1
119 155 1
119 64 1
110 51 1
110 111 1
110 112 1
110 52 1
110 15 1
110 115 1
110 116 1
110 16 1
110 117 1
110 17 1
110 7 1
55 48 1
55 54 1
55 91 1
55 107 1
55 122 1
55 125 1
55 133 1
55 22 1
55 53 1
55 165 1
55 60 1
37 11 1
37 36 1
37 46 1
37 171 1
76 81 1
76 74 1
76 75 1
76 62 1
60 48 1
60 87 1
60 88 1
60 54 1
60 55 1
60 91 1
60 122 1
60 125 1
60 132 1
60 133 1
60 31 1
60 144 1
60 22 1
60 59 1
157 147 1
157 58 1
157 36 1
30 86 1
30 15 1
30 130 1
30 147 1
30 149 1
30 77 1
136 118 1
136 123 1
136 130 1
136 159 1
136 165 1
136 27 1
165 136 1
51 39 1
51 52 1
51 117 1
51 7 1
91 48 1
91 87 1
91 54 1
91 55 1
91 122 1
91 132 1
91 60 1
87 122 1
87 125 1
87 132 1
87 133 1
87 60 1
52 92 1
52 39 1
52 51 1
52 16 1
52 117 1
52 17 1
52 7 1
88 48 1
88 54 1
88 55 1
88 122 1
88 125 1
88 132 1
88 133 1
88 138 1
88 31 1
88 22 1
88 60 1
88 77 1
88 169 1
88 48 1
88 87 1
88 54 1
88 55 1
88 91 1
88 122 1
88 138 1
88 22 1
88 77 1
65 58 1
65 161 1
161 78 1
161 65 1
49 48 1
49 97 1
49 50 1
49 47 1
49 109 1
49 111 1
49 17 1
49 31 1
49 35 1
79 73 1
139 118 1
139 123 1
139 130 1
139 136 1
139 159 1
123 118 1
123 130 1
123 136 1
123 139 1
123 159 1
43 89 1
43 37 1
43 41 1
43 38 1
43 82 1
43 44 1
43 45 1
43 46 1
43 171 1
149 28 1
102 107 1
102 114 1
102 143 1
137 56 1
137 134 1
137 53 1
137 154 1
137 156 1
127 126 1
127 128 1
127 134 1
127 145 1
127 126 1
127 128 1
127 134 1
127 145 1
20 13 1
20 135 1
20 34 1
20 41 1
2 94 1
2 96 1
2 119 1
54 48 1
54 88 1
54 55 1
54 91 1
54 125 1
54 133 1
54 53 1
54 59 1
122 87 1
122 125 1
122 132 1
122 133 1
122 160 1
122 60 1
162 48 1
162 87 1
162 54 1
39 92 1
39 51 1
39 52 1
39 7 1
132 48 1
132 87 1
132 88 1
132 54 1
132 55 1
132 91 1
132 122 1
132 125 1
132 129 1
132 133 1
132 138 1
132 31 1
132 140 1
132 144 1
132 150 1
132 60 1
132 169 1
169 83 1
169 89 1
169 164 1
169 45 1
128 126 1
128 127 1
128 134 1
128 145 1
117 94 1
117 39 1
117 96 1
117 51 1
117 52 1
117 17 1
117 7 1
118 123 1
118 130 1
118 136 1
118 139 1
118 159 1
118 160 1
118 27 1
109 49 1
109 108 1
109 47 1
109 16 1
109 17 1
109 18 1
109 74 1
109 82 1
141 108 1
141 16 1
141 17 1
141 148 1
92 93 1
92 39 1
92 3 1
92 51 1
92 52 1
92 117 1
92 7 1
17 91 1
48 87 1
48 88 1
48 54 1
48 55 1
48 90 1
48 91 1
48 50 1
48 122 1
48 125 1
48 126 1
48 132 1
48 133 1
48 22 1
48 53 1
48 59 1
48 167 1
48 60 1
48 77 1
77 88 1
77 8 1
77 118 1
77 147 1
104 67 1
11 12 1
11 30 1
11 35 1
11 36 1
11 37 1
11 46 1
30 11 1
30 12 1
30 58 1
30 36 1
164 83 1
164 89 1
164 130 1
164 169 1
164 45 1
67 66 1
67 104 1
83 14 1
83 89 1
83 164 1
83 169 1
83 14 1
83 89 1
83 164 1
83 169 1
159 118 1
159 123 1
159 130 1
159 136 1
159 139 1
159 168 1
94 96 1
26 19 1
26 25 1
26 27 1
26 29 1
8 1 1
154 119 1
154 145 1
154 146 1
154 57 1
154 153 1
154 156 1
154 64 1
64 119 1
64 137 1
64 146 1
64 152 1
64 153 1
78 14 1
78 74 1
78 161 1
78 62 1
163 138 1
163 160 1
163 168 1
31 87 1
31 54 1
31 55 1
31 3 1
31 18 1
31 122 1
31 125 1
31 132 1
31 133 1
31 138 1
31 22 1
31 35 1
31 60 1
31 170 1
92 93 1
92 39 1
92 3 1
92 51 1
92 52 1
92 117 1
92 7 1
34 18 1
34 20 1
34 135 1
34 21 1
34 143 1
34 18 1
34 20 1
34 135 1
34 21 1
34 143 1
167 21 1
167 143 1
167 23 1
21 143 1
21 23 1
21 167 1
82 89 1
82 124 1
82 33 1
82 37 1
82 164 1
82 41 1
82 38 1
82 169 1
82 43 1
82 45 1
82 46 1
82 171 1
59 48 1
59 88 1
59 54 1
59 55 1
59 89 1
59 3 1
59 33 1
59 22 1
59 53 1
59 60 1
59 169 1
59 171 1
108 83 1
108 87 1
116 54 1
116 51 1
116 110 1
116 111 1
116 112 1
116 52 1
116 15 1
116 115 1
116 73 1
116 16 1
116 17 1
116 7 1
116 33 1
116 60 1
116 171 1
116 54 1
116 51 1
116 110 1
116 111 1
116 112 1
116 52 1
116 15 1
116 115 1
116 73 1
116 16 1
116 17 1
116 7 1
116 33 1
116 60 1
116 171 1
50 48 1
50 70 1
50 71 1
50 73 1
50 170 1
144 122 1
144 129 1
144 132 1
144 140 1
144 150 1
144 122 1
144 129 1
144 132 1
144 140 1
144 150 1
144 122 1
144 129 1
144 132 1
144 140 1
144 150 1
98 97 1
98 99 1
98 6 1
98 125 1
97 49 1
97 98 1
133 48 1
133 87 1
133 88 1
133 54 1
133 55 1
133 91 1
133 125 1
133 132 1
133 31 1
133 22 1
133 60 1
125 48 1
125 87 1
125 54 1
125 55 1
125 48 1
125 87 1
125 54 1
125 55 1
125 122 1
125 133 1
125 60 1
140 129 1
140 132 1
140 144 1
140 150 1
160 122 1
160 125 1
160 20 1
160 158 1
160 159 1
160 163 1
160 165 1
160 60 1
160 77 1
152 71 1
152 30 1
152 137 1
152 146 1
152 153 1
152 58 1
152 64 1
36 11 1
36 30 1
36 37 1
129 140 1
129 144 1
129 150 1
112 110 1
112 111 1
112 15 1
112 115 1
112 116 1
50 79 1
