1 2 1
1 3 1
1 4 1
1 5 1
1 6 1
1 7 1
1 9 1
10 11 1
10 12 1
13 14 1
13 15 1
13 16 1
13 17 1
13 19 1
13 11 1
13 22 1
18 19 1
18 11 1
18 12 1
18 30 1
18 31 1
18 33 1
18 34 1
18 35 1
18 36 1
18 37 1
4 1 1
4 39 1
41 43 1
47 49 1
47 50 1
47 51 1
47 52 1
47 17 1
47 7 1
61 62 1
61 63 1
61 64 1
61 65 1
68 70 1
68 71 1
68 50 1
68 72 1
68 73 1
68 16 1
68 71 1
68 50 1
68 72 1
68 73 1
68 16 1
74 77 1
74 77 1
75 79 1
75 80 1
75 74 1
75 76 1
75 62 1
29 8 1
29 82 1
63 79 1
63 83 1
63 42 1
63 84 1
63 14 1
63 85 1
63 86 1
63 48 1
63 87 1
63 88 1
63 54 1
63 55 1
63 89 1
63 90 1
63 91 1
63 92 1
63 93 1
63 1 1
63 94 1
63 39 1
63 95 1
63 2 1
63 3 1
63 4 1
63 5 1
63 96 1
63 68 1
63 69 1
63 97 1
63 49 1
63 98 1
63 99 1
63 6 1
63 100 1
63 40 1
63 66 1
63 70 1
63 101 1
63 71 1
63 102 1
63 103 1
63 104 1
63 105 1
63 106 1
63 107 1
63 67 1
63 108 1
63 50 1
63 47 1
63 72 1
63 109 1
63 51 1
63 110 1
63 111 1
63 112 1
63 113 1
63 114 1
63 52 1
63 15 1
63 115 1
63 73 1
63 116 1
63 117 1
63 17 1
63 7 1
63 18 1
63 19 1
63 11 1
63 8 1
63 118 1
63 119 1
63 13 1
63 12 1
63 120 1
63 121 1
63 10 1
63 122 1
63 123 1
63 56 1
63 124 1
63 125 1
63 126 1
63 20 1
63 127 1
63 128 1
63 129 1
63 130 1
63 131 1
63 9 1
63 132 1
63 133 1
63 30 1
63 134 1
63 135 1
63 136 1
63 81 1
63 137 1
63 138 1
63 139 1
63 31 1
63 21 1
63 140 1
63 141 1
63 142 1
63 143 1
63 144 1
63 145 1
63 146 1
63 57 1
63 32 1
63 33 1
63 34 1
63 147 1
63 148 1
63 149 1
63 150 1
63 22 1
63 35 1
63 151 1
63 25 1
63 23 1
63 26 1
63 152 1
63 153 1
63 53 1
63 154 1
63 155 1
63 156 1
63 157 1
63 158 1
63 58 1
63 36 1
63 159 1
63 160 1
63 161 1
63 37 1
63 162 1
63 59 1
63 163 1
63 164 1
63 165 1
63 24 1
63 166 1
63 41 1
63 167 1
63 60 1
63 38 1
63 168 1
63 77 1
63 82 1
63 78 1
63 169 1
63 43 1
63 27 1
63 28 1
63 44 1
63 45 1
63 46 1
63 29 1
63 170 1
63 64 1
63 171 1
45 44 1
12 18 1
12 19 1
12 119 1
12 13 1
12 10 1
12 30 1
12 35 1
12 36 1
12 45 1
12 46 1
32 171 1
80 16 1
80 81 1
80 75 1
80 76 1
80 78 1
80 63 1
115 110 1
115 111 1
115 112 1
45 44 1
69 79 1
69 83 1
69 42 1
69 84 1
69 14 1
69 85 1
69 86 1
69 48 1
69 87 1
69 88 1
69 54 1
69 17 1
146 119 1
146 57 1
146 154 1
57 145 1
57 146 1
57 153 1
57 155 1
106 84 1
106 90 1
106 1 1
106 5 1
106 49 1
106 66 1
106 47 1
106 17 1
106 7 1
106 130 1
106 25 1
106 156 1
7 92 1
7 72 1
7 110 1
7 111 1
7 115 1
7 116 1
7 150 1
72 14 1
72 103 1
72 16 1
72 25 1
46 11 1
46 12 1
46 124 1
46 20 1
46 135 1
46 143 1
46 34 1
46 164 1
46 41 1
46 169 1
46 44 1
46 45 1
46 171 1
96 5 1
9 68 1
9 17 1
9 118 1
9 121 1
9 123 1
9 127 1
9 128 1
9 131 1
9 144 1
9 158 1
9 77 1
166 41 1
166 169 1
171 18 1
171 41 1
171 43 1
107 55 1
107 106 1
107 108 1
107 158 1
95 49 1
95 134 1
155 111 1
155 17 1
155 18 1
155 12 1
155 137 1
155 146 1
155 57 1
155 34 1
155 152 1
155 153 1
155 154 1
155 156 1
155 60 1
155 62 1
155 64 1
155 18 1
155 12 1
155 137 1
155 146 1
155 57 1
155 34 1
155 152 1
155 153 1
155 154 1
155 156 1
155 60 1
155 62 1
155 64 1
33 18 1
168 118 1
168 123 1
168 130 1
168 138 1
168 158 1
168 165 1
168 77 1
93 3 1
130 118 1
130 136 1
130 139 1
130 143 1
130 23 1
130 159 1
124 121 1
124 126 1
151 122 1
151 34 1
151 157 1
151 161 1
151 78 1
151 63 1
151 61 1
151 65 1
143 11 1
143 140 1
143 158 1
143 159 1
143 46 1
38 18 1
38 130 1
38 32 1
38 33 1
38 159 1
38 164 1
38 41 1
38 169 1
73 79 1
73 48 1
73 68 1
73 70 1
73 116 1
73 80 1
23 88 1
23 11 1
23 20 1
23 34 1
23 38 1
28 108 1
28 149 1
28 26 1
28 27 1
14 72 1
14 20 1
14 21 1
22 91 1
22 111 1
22 165 1
22 77 1
89 77 1
89 82 1
89 43 1
89 45 1
135 20 1
135 130 1
135 21 1
135 143 1
135 23 1
135 46 1
19 108 1
19 25 1
19 29 1
58 34 1
58 152 1
58 157 1
58 60 1
147 34 1
147 151 1
147 74 1
147 58 1
147 159 1
147 161 1
147 77 1
147 169 1
147 65 1
156 70 1
156 146 1
156 35 1
156 53 1
156 155 1
35 48 1
35 18 1
35 19 1
35 56 1
114 111 1
119 108 1
119 137 1
119 146 1
119 154 1
119 156 1
119 64 1
55 87 1
55 88 1
55 132 1
55 31 1
55 169 1
37 18 1
37 118 1
37 12 1
37 43 1
37 171 1
60 58 1
60 165 1
60 44 1
30 83 1
30 85 1
30 54 1
30 2 1
30 5 1
30 100 1
30 110 1
30 19 1
30 126 1
30 137 1
136 139 1
165 150 1
165 160 1
51 92 1
51 17 1
51 77 1
91 88 1
91 90 1
91 125 1
91 133 1
91 22 1
87 48 1
87 88 1
52 96 1
52 110 1
52 112 1
52 15 1
52 116 1
88 86 1
88 87 1
88 90 1
88 91 1
88 23 1
88 171 1
88 86 1
88 90 1
88 125 1
88 132 1
88 133 1
88 31 1
88 23 1
88 60 1
88 171 1
65 151 1
65 78 1
65 62 1
65 63 1
161 147 1
161 58 1
161 62 1
161 63 1
49 3 1
49 100 1
79 42 1
79 85 1
79 81 1
139 122 1
139 124 1
139 20 1
139 135 1
139 21 1
139 143 1
139 150 1
123 71 1
123 124 1
123 125 1
103 89 1
103 72 1
43 95 1
43 164 1
43 169 1
149 55 1
149 120 1
149 170 1
102 70 1
102 106 1
102 108 1
137 119 1
137 131 1
137 145 1
137 146 1
137 57 1
137 152 1
137 153 1
137 64 1
44 164 1
44 38 1
44 169 1
44 45 1
20 83 1
20 14 1
20 89 1
20 124 1
20 130 1
20 139 1
20 23 1
20 160 1
20 46 1
70 68 1
70 66 1
70 71 1
70 102 1
70 50 1
70 73 1
70 143 1
70 154 1
2 92 1
2 93 1
2 1 1
2 7 1
54 87 1
54 90 1
54 115 1
54 116 1
54 122 1
54 56 1
54 132 1
54 31 1
54 33 1
54 22 1
54 165 1
54 60 1
54 77 1
54 171 1
122 31 1
122 169 1
162 122 1
162 125 1
162 132 1
162 133 1
162 138 1
162 31 1
162 165 1
39 93 1
39 3 1
39 108 1
39 117 1
39 17 1
39 77 1
39 169 1
132 22 1
132 165 1
169 108 1
169 17 1
169 130 1
169 36 1
169 38 1
169 44 1
169 171 1
117 114 1
117 16 1
118 121 1
118 124 1
118 77 1
109 48 1
141 119 1
92 2 1
92 5 1
92 17 1
92 77 1
17 92 1
17 39 1
17 5 1
17 49 1
17 71 1
17 108 1
17 50 1
17 51 1
17 110 1
17 111 1
17 112 1
17 114 1
17 52 1
17 15 1
17 115 1
17 73 1
17 116 1
17 16 1
17 117 1
17 7 1
17 141 1
17 77 1
48 49 1
48 47 1
48 109 1
48 111 1
48 73 1
48 20 1
48 138 1
48 31 1
48 35 1
48 23 1
48 165 1
48 171 1
77 54 1
77 39 1
77 51 1
77 17 1
77 19 1
104 5 1
104 66 1
104 106 1
11 18 1
11 143 1
11 23 1
11 43 1
30 86 1
30 18 1
30 123 1
30 130 1
30 171 1
164 54 1
164 17 1
164 119 1
164 33 1
164 150 1
164 36 1
164 163 1
164 38 1
164 43 1
164 44 1
164 46 1
164 171 1
56 54 1
56 57 1
56 35 1
56 36 1
67 106 1
42 79 1
42 84 1
42 85 1
42 41 1
83 72 1
83 20 1
83 77 1
83 28 1
83 72 1
83 20 1
83 77 1
83 28 1
159 122 1
159 147 1
159 160 1
90 48 1
90 88 1
90 54 1
90 55 1
90 91 1
90 141 1
90 169 1
94 2 1
148 141 1
148 141 1
148 90 1
148 141 1
26 24 1
26 28 1
8 118 1
154 96 1
154 70 1
154 155 1
64 154 1
64 155 1
64 156 1
78 151 1
78 58 1
78 63 1
78 65 1
163 132 1
163 164 1
163 165 1
163 77 1
31 88 1
31 89 1
92 2 1
92 5 1
92 17 1
92 77 1
34 12 1
34 10 1
34 145 1
34 147 1
34 151 1
34 23 1
34 157 1
34 58 1
34 75 1
34 76 1
34 78 1
34 45 1
34 65 1
34 12 1
34 10 1
34 145 1
34 147 1
34 151 1
34 23 1
34 157 1
34 58 1
34 75 1
34 76 1
34 78 1
34 45 1
34 65 1
167 48 1
167 19 1
167 35 1
167 37 1
21 124 1
21 130 1
21 131 1
21 135 1
21 139 1
21 140 1
21 144 1
21 32 1
21 34 1
21 150 1
21 22 1
21 158 1
82 10 1
82 131 1
82 150 1
82 44 1
59 79 1
59 115 1
59 132 1
108 47 1
50 69 1
50 49 1
50 103 1
50 17 1
144 87 1
144 9 1
144 21 1
144 23 1
144 158 1
144 60 1
144 87 1
144 9 1
144 21 1
144 23 1
144 158 1
144 60 1
144 87 1
144 9 1
144 21 1
144 23 1
144 158 1
144 60 1
97 89 1
97 99 1
97 6 1
97 103 1
97 106 1
133 94 1
133 111 1
133 138 1
125 88 1
125 91 1
125 88 1
125 91 1
125 132 1
125 22 1
140 139 1
140 158 1
160 136 1
160 150 1
152 119 1
152 57 1
152 154 1
152 155 1
152 156 1
36 89 1
36 18 1
36 12 1
36 56 1
36 35 1
36 53 1
36 157 1
36 164 1
36 169 1
112 51 1
112 52 1
112 16 1
