1 5 1
1 9 1
10 11 1
24 26 1
24 29 1
18 11 1
18 32 1
18 38 1
4 1 1
4 39 1
41 42 1
41 21 1
41 26 1
41 38 1
41 43 1
41 44 1
41 45 1
47 48 1
47 49 1
47 50 1
47 51 1
47 52 1
47 17 1
47 7 1
53 18 1
53 57 1
53 58 1
53 36 1
53 60 1
61 62 1
61 65 1
68 69 1
68 70 1
68 71 1
68 50 1
68 73 1
68 69 1
68 71 1
68 50 1
68 73 1
74 75 1
74 77 1
74 78 1
74 75 1
74 77 1
74 78 1
75 79 1
75 80 1
29 19 1
29 24 1
29 28 1
29 45 1
63 79 1
63 83 1
63 42 1
63 84 1
63 14 1
63 85 1
63 86 1
63 48 1
63 87 1
63 88 1
63 54 1
63 55 1
63 89 1
63 90 1
63 91 1
63 92 1
63 93 1
63 1 1
63 94 1
63 39 1
63 95 1
63 2 1
63 3 1
63 4 1
63 5 1
63 96 1
63 68 1
63 69 1
63 97 1
63 49 1
63 98 1
63 99 1
63 6 1
63 100 1
63 40 1
63 66 1
63 70 1
63 101 1
63 71 1
63 102 1
63 103 1
63 104 1
63 105 1
63 106 1
63 107 1
63 67 1
63 108 1
63 50 1
63 47 1
63 72 1
63 109 1
63 51 1
63 110 1
63 111 1
63 112 1
63 113 1
63 114 1
63 52 1
63 15 1
63 115 1
63 73 1
63 116 1
63 117 1
63 17 1
63 7 1
63 18 1
63 19 1
63 11 1
63 8 1
63 118 1
63 119 1
63 13 1
63 12 1
63 120 1
63 121 1
63 10 1
63 122 1
63 123 1
63 56 1
63 124 1
63 125 1
63 126 1
63 20 1
63 127 1
63 128 1
63 129 1
63 130 1
63 131 1
63 9 1
63 132 1
63 133 1
63 30 1
63 134 1
63 135 1
63 136 1
63 81 1
63 137 1
63 138 1
63 139 1
63 31 1
63 21 1
63 140 1
63 141 1
63 142 1
63 143 1
63 144 1
63 145 1
63 146 1
63 57 1
63 32 1
63 33 1
63 34 1
63 147 1
63 148 1
63 149 1
63 150 1
63 22 1
63 35 1
63 151 1
63 25 1
63 23 1
63 26 1
63 152 1
63 153 1
63 53 1
63 154 1
63 155 1
63 156 1
63 157 1
63 158 1
63 58 1
63 36 1
63 159 1
63 160 1
63 161 1
63 37 1
63 75 1
63 162 1
63 59 1
63 163 1
63 76 1
63 164 1
63 165 1
63 24 1
63 166 1
63 41 1
63 167 1
63 60 1
63 38 1
63 168 1
63 77 1
63 82 1
63 78 1
63 169 1
63 43 1
63 27 1
63 28 1
63 44 1
63 61 1
63 45 1
63 46 1
63 29 1
63 170 1
63 64 1
63 65 1
45 27 1
45 44 1
45 29 1
45 171 1
12 35 1
12 37 1
32 18 1
32 150 1
27 19 1
27 25 1
27 159 1
27 24 1
27 28 1
27 45 1
80 63 1
45 27 1
45 44 1
45 29 1
45 171 1
69 79 1
69 83 1
69 42 1
69 84 1
69 14 1
69 85 1
69 86 1
69 48 1
69 87 1
69 88 1
69 70 1
69 71 1
69 73 1
69 16 1
69 17 1
146 119 1
146 57 1
146 153 1
146 154 1
57 119 1
57 137 1
57 145 1
57 146 1
57 153 1
57 155 1
106 90 1
106 66 1
106 17 1
106 7 1
106 130 1
106 25 1
106 156 1
7 92 1
7 39 1
7 72 1
7 110 1
7 111 1
7 115 1
7 116 1
7 16 1
7 17 1
7 150 1
72 83 1
72 14 1
72 89 1
72 101 1
72 103 1
72 25 1
72 26 1
46 11 1
46 12 1
46 135 1
46 34 1
46 164 1
46 169 1
46 44 1
46 45 1
96 51 1
96 52 1
9 1 1
9 68 1
9 108 1
9 17 1
9 124 1
9 127 1
9 128 1
9 131 1
9 134 1
9 144 1
171 59 1
171 164 1
171 82 1
171 46 1
107 108 1
107 158 1
95 134 1
95 145 1
155 111 1
155 17 1
155 18 1
155 137 1
155 146 1
155 57 1
155 34 1
155 152 1
155 153 1
155 154 1
155 156 1
155 60 1
155 62 1
155 64 1
155 18 1
155 12 1
155 137 1
155 146 1
155 57 1
155 34 1
155 152 1
155 153 1
155 154 1
155 156 1
155 60 1
155 62 1
155 64 1
33 86 1
33 116 1
33 59 1
168 17 1
168 26 1
168 77 1
93 92 1
93 2 1
93 5 1
130 71 1
130 118 1
130 136 1
130 139 1
130 150 1
130 159 1
130 38 1
124 118 1
124 121 1
124 123 1
124 126 1
124 134 1
124 139 1
124 82 1
124 46 1
151 122 1
143 68 1
143 11 1
143 34 1
143 158 1
143 159 1
143 167 1
143 46 1
38 18 1
38 130 1
38 32 1
38 33 1
38 159 1
38 164 1
38 41 1
38 169 1
38 43 1
38 171 1
73 79 1
73 48 1
73 68 1
73 70 1
73 116 1
73 80 1
23 88 1
23 20 1
23 135 1
23 140 1
23 22 1
23 167 1
23 38 1
28 108 1
28 149 1
28 26 1
28 27 1
14 83 1
14 89 1
14 72 1
14 20 1
14 21 1
22 87 1
22 88 1
22 31 1
22 23 1
22 60 1
89 82 1
19 77 1
58 30 1
58 34 1
58 147 1
58 152 1
58 60 1
58 78 1
58 65 1
147 34 1
147 74 1
147 58 1
147 161 1
147 77 1
147 169 1
147 65 1
156 70 1
156 119 1
156 146 1
156 35 1
156 53 1
156 155 1
121 118 1
121 124 1
35 18 1
35 56 1
35 36 1
35 37 1
35 167 1
114 111 1
119 2 1
119 137 1
119 155 1
110 51 1
110 52 1
110 115 1
110 16 1
110 117 1
110 17 1
110 7 1
55 48 1
55 125 1
55 133 1
55 53 1
55 60 1
37 118 1
37 12 1
37 36 1
37 46 1
76 63 1
60 48 1
60 87 1
60 88 1
60 54 1
60 55 1
60 90 1
60 111 1
60 31 1
60 22 1
60 58 1
60 165 1
30 93 1
30 96 1
30 98 1
30 67 1
30 17 1
30 11 1
30 125 1
30 139 1
30 169 1
30 171 1
136 123 1
136 130 1
136 139 1
51 17 1
91 87 1
91 88 1
91 90 1
91 122 1
91 125 1
87 48 1
87 88 1
52 92 1
52 39 1
52 96 1
52 15 1
52 116 1
52 16 1
52 17 1
88 87 1
88 122 1
88 125 1
88 132 1
88 133 1
88 138 1
88 87 1
88 55 1
88 90 1
88 91 1
88 122 1
88 125 1
88 132 1
88 138 1
88 23 1
88 60 1
65 78 1
161 58 1
49 48 1
49 97 1
49 50 1
49 47 1
49 31 1
49 35 1
79 42 1
79 85 1
139 118 1
139 122 1
139 123 1
139 124 1
139 20 1
139 136 1
139 21 1
139 143 1
139 150 1
139 159 1
123 71 1
123 124 1
123 125 1
123 139 1
103 72 1
43 89 1
43 23 1
43 37 1
43 171 1
149 120 1
149 170 1
102 70 1
102 106 1
102 108 1
102 114 1
102 143 1
137 119 1
137 56 1
137 131 1
137 134 1
137 145 1
137 57 1
137 152 1
137 153 1
137 154 1
137 156 1
137 64 1
44 164 1
44 169 1
44 45 1
20 14 1
20 13 1
20 124 1
20 130 1
20 23 1
20 160 1
20 46 1
70 143 1
70 154 1
2 92 1
2 93 1
2 1 1
2 7 1
54 87 1
54 88 1
54 49 1
54 122 1
54 132 1
54 31 1
54 77 1
122 87 1
122 125 1
122 133 1
122 31 1
122 169 1
162 54 1
162 122 1
162 125 1
162 132 1
162 133 1
162 138 1
162 31 1
162 165 1
39 93 1
39 108 1
39 17 1
39 77 1
132 48 1
132 87 1
132 88 1
132 54 1
132 55 1
132 91 1
132 125 1
132 133 1
132 138 1
132 31 1
132 150 1
132 169 1
169 83 1
169 89 1
169 108 1
169 36 1
169 38 1
169 44 1
25 72 1
25 19 1
25 26 1
25 27 1
25 29 1
117 94 1
117 39 1
117 96 1
117 114 1
117 52 1
117 16 1
117 17 1
117 7 1
118 130 1
118 160 1
109 48 1
109 108 1
109 47 1
109 76 1
109 60 1
109 82 1
141 17 1
141 119 1
141 148 1
92 5 1
92 52 1
92 117 1
92 7 1
17 5 1
17 49 1
17 110 1
17 117 1
17 7 1
48 88 1
48 90 1
48 49 1
48 50 1
48 47 1
48 109 1
48 73 1
48 122 1
48 126 1
48 132 1
48 138 1
48 53 1
48 60 1
48 77 1
77 88 1
77 54 1
77 39 1
77 51 1
77 17 1
77 19 1
77 8 1
77 118 1
77 147 1
104 5 1
104 66 1
104 106 1
11 18 1
11 143 1
11 23 1
30 18 1
30 12 1
30 58 1
164 83 1
164 54 1
164 17 1
164 33 1
164 150 1
164 163 1
164 38 1
164 44 1
164 171 1
56 36 1
67 106 1
42 79 1
42 84 1
42 85 1
42 41 1
83 14 1
83 72 1
83 20 1
83 164 1
83 77 1
83 169 1
83 28 1
83 14 1
83 72 1
83 20 1
83 164 1
83 77 1
83 169 1
83 28 1
159 118 1
159 122 1
159 139 1
159 147 1
159 160 1
159 38 1
159 168 1
90 48 1
90 132 1
94 2 1
148 90 1
26 19 1
26 25 1
26 24 1
26 28 1
8 77 1
154 119 1
154 145 1
154 146 1
154 153 1
154 155 1
154 64 1
64 119 1
64 154 1
64 155 1
64 156 1
78 151 1
78 58 1
78 63 1
78 65 1
163 164 1
163 165 1
31 87 1
31 88 1
31 54 1
31 55 1
31 89 1
31 3 1
31 18 1
31 122 1
31 138 1
31 22 1
92 5 1
92 117 1
92 7 1
34 12 1
34 10 1
34 145 1
34 147 1
34 151 1
34 23 1
34 157 1
34 58 1
34 75 1
34 76 1
34 78 1
34 45 1
34 65 1
34 12 1
34 10 1
34 145 1
34 147 1
34 151 1
34 23 1
34 157 1
34 58 1
34 75 1
34 76 1
34 78 1
34 45 1
34 65 1
167 143 1
167 23 1
21 150 1
82 89 1
82 10 1
82 131 1
82 37 1
82 164 1
82 41 1
82 38 1
82 45 1
59 115 1
59 132 1
59 22 1
59 53 1
59 60 1
59 169 1
59 171 1
108 3 1
108 5 1
108 16 1
116 54 1
116 111 1
116 112 1
116 52 1
116 33 1
116 54 1
116 111 1
116 112 1
116 52 1
116 33 1
50 48 1
50 69 1
50 49 1
50 103 1
50 170 1
144 9 1
144 60 1
144 9 1
144 60 1
144 9 1
144 60 1
97 49 1
97 98 1
97 106 1
133 88 1
133 91 1
133 94 1
133 111 1
133 138 1
125 87 1
125 88 1
125 55 1
125 91 1
125 88 1
125 55 1
125 91 1
125 122 1
125 132 1
125 22 1
140 124 1
140 132 1
140 23 1
140 158 1
160 136 1
160 150 1
160 158 1
160 159 1
152 57 1
152 155 1
152 156 1
36 89 1
36 18 1
36 12 1
36 56 1
36 35 1
36 53 1
36 157 1
36 164 1
36 169 1
112 116 1
