13 15 1
13 17 1
13 20 1
13 24 1
26 30 1
26 39 1
26 51 1
26 94 1
26 111 1
78 71 1
122 90 1
122 104 1
111 3 1
111 41 1
111 18 1
111 19 1
111 62 1
111 21 1
111 23 1
111 131 1
111 12 1
12 2 1
12 102 1
12 11 1
12 111 1
12 131 1
104 28 1
104 40 1
104 88 1
104 90 1
104 92 1
104 106 1
104 115 1
104 122 1
104 124 1
104 128 1
104 130 1
104 12 1
104 137 1
104 139 1
63 3 1
63 8 1
63 58 1
63 75 1
63 89 1
63 22 1
63 102 1
63 11 1
63 112 1
63 125 1
106 40 1
106 87 1
106 104 1
106 137 1
88 108 1
88 122 1
88 149 1
40 28 1
40 37 1
40 87 1
40 90 1
40 106 1
40 122 1
40 128 1
40 12 1
40 137 1
129 44 1
129 135 1
129 143 1
130 106 1
130 137 1
44 129 1
44 143 1
44 149 1
128 40 1
128 87 1
128 90 1
128 126 1
128 137 1
90 40 1
90 53 1
90 80 1
90 87 1
90 93 1
90 122 1
90 128 1
90 137 1
18 62 1
18 111 1
87 40 1
87 61 1
87 90 1
87 101 1
87 106 1
87 128 1
87 137 1
101 87 1
80 28 1
80 40 1
80 87 1
80 90 1
80 95 1
80 138 1
84 6 1
84 41 1
84 8 1
84 76 1
84 77 1
84 89 1
84 22 1
84 113 1
84 118 1
84 119 1
84 125 1
84 131 1
84 138 1
107 49 1
107 59 1
107 86 1
107 141 1
102 11 1
102 12 1
107 49 1
107 59 1
107 86 1
107 141 1
15 14 1
15 20 1
143 44 1
143 129 1
93 11 1
93 105 1
93 126 1
11 8 1
11 75 1
11 9 1
11 102 1
11 125 1
11 25 1
11 8 1
11 75 1
11 9 1
11 102 1
11 125 1
11 25 1
114 28 1
114 29 1
114 4 1
114 33 1
114 5 1
114 6 1
114 34 1
114 7 1
114 35 1
114 36 1
114 47 1
114 48 1
114 13 1
114 50 1
114 16 1
114 67 1
114 71 1
114 79 1
114 82 1
114 87 1
114 89 1
114 91 1
114 95 1
114 99 1
114 112 1
114 122 1
54 126 1
10 16 1
4 7 1
4 77 1
4 10 1
137 28 1
137 37 1
137 40 1
137 87 1
137 90 1
137 104 1
137 105 1
137 106 1
137 115 1
137 120 1
137 122 1
137 124 1
137 127 1
137 128 1
137 130 1
89 6 1
89 8 1
89 84 1
89 112 1
89 113 1
100 3 1
11 8 1
11 58 1
11 75 1
11 76 1
11 9 1
11 93 1
11 125 1
11 25 1
27 31 1
27 42 1
27 126 1
7 4 1
7 10 1
41 19 1
41 76 1
41 21 1
41 22 1
41 131 1
41 138 1
41 144 1
138 41 1
138 19 1
138 20 1
138 76 1
138 22 1
138 144 1
37 122 1
50 43 1
50 47 1
50 48 1
50 53 1
50 66 1
50 67 1
50 110 1
50 114 1
19 3 1
19 41 1
19 63 1
19 20 1
19 22 1
19 3 1
19 41 1
19 63 1
19 20 1
19 22 1
19 111 1
19 117 1
19 138 1
19 144 1
14 4 1
14 41 1
14 13 1
14 15 1
14 19 1
14 20 1
110 66 1
20 14 1
20 15 1
20 76 1
20 22 1
35 68 1
144 3 1
144 41 1
144 22 1
144 138 1
71 38 1
71 78 1
22 41 1
22 19 1
22 76 1
22 113 1
113 8 1
113 63 1
113 75 1
113 76 1
113 84 1
113 89 1
113 22 1
113 112 1
113 119 1
113 125 1
113 131 1
6 2 1
6 3 1
6 4 1
6 33 1
6 5 1
6 7 1
6 8 1
6 16 1
6 89 1
6 94 1
17 13 1
17 20 1
17 24 1
115 104 1
115 120 1
115 127 1
115 137 1
105 31 1
105 67 1
105 93 1
105 126 1
70 58 1
25 76 1
25 77 1
25 11 1
82 85 1
68 35 1
8 89 1
8 112 1
8 113 1
149 101 1
149 139 1
149 101 1
149 139 1
