1 2 1
1 4 1
1 5 1
1 6 1
1 7 1
13 4 1
13 14 1
13 6 1
13 7 1
13 16 1
13 18 1
13 19 1
13 10 1
13 21 1
26 2 1
26 27 1
26 3 1
26 28 1
26 29 1
26 4 1
26 14 1
26 31 1
26 32 1
26 33 1
26 5 1
26 6 1
26 34 1
26 7 1
26 35 1
26 36 1
26 37 1
26 38 1
26 40 1
26 41 1
26 42 1
26 43 1
26 44 1
26 45 1
26 46 1
26 47 1
26 48 1
26 49 1
26 8 1
26 13 1
26 50 1
26 15 1
26 52 1
26 53 1
26 54 1
26 55 1
26 16 1
26 17 1
26 18 1
26 19 1
26 56 1
26 57 1
26 58 1
26 59 1
26 60 1
26 61 1
26 62 1
26 63 1
26 64 1
26 65 1
26 20 1
26 66 1
26 67 1
26 68 1
26 69 1
26 70 1
26 71 1
26 72 1
26 73 1
26 74 1
26 75 1
26 76 1
26 9 1
26 77 1
26 78 1
26 79 1
26 10 1
26 80 1
26 21 1
26 81 1
26 82 1
26 83 1
26 84 1
26 85 1
26 86 1
26 87 1
26 88 1
26 89 1
26 90 1
26 91 1
26 92 1
26 93 1
26 95 1
26 96 1
26 97 1
26 98 1
26 99 1
26 100 1
26 22 1
26 101 1
26 102 1
26 11 1
26 103 1
26 104 1
26 105 1
26 106 1
26 107 1
26 108 1
26 109 1
26 110 1
26 23 1
26 112 1
26 113 1
26 114 1
26 115 1
26 116 1
26 117 1
26 118 1
26 119 1
26 120 1
26 121 1
26 122 1
26 123 1
26 124 1
26 125 1
26 24 1
26 126 1
26 127 1
26 128 1
26 129 1
26 130 1
26 131 1
26 12 1
26 132 1
26 133 1
26 134 1
26 135 1
26 136 1
26 137 1
26 138 1
26 25 1
26 139 1
26 140 1
26 141 1
26 142 1
26 143 1
26 144 1
26 1 1
26 145 1
26 146 1
26 147 1
26 148 1
26 149 1
26 150 1
78 69 1
122 28 1
122 37 1
122 40 1
122 50 1
122 83 1
122 87 1
122 135 1
122 137 1
111 2 1
111 30 1
111 14 1
111 5 1
111 6 1
111 26 1
111 7 1
111 42 1
111 63 1
111 76 1
111 10 1
111 97 1
111 22 1
111 102 1
111 11 1
111 132 1
111 138 1
111 25 1
111 144 1
111 1 1
12 3 1
12 4 1
12 7 1
12 40 1
12 63 1
12 96 1
12 100 1
12 113 1
12 125 1
12 128 1
12 139 1
104 2 1
104 37 1
104 43 1
104 51 1
104 72 1
104 108 1
63 4 1
63 14 1
63 6 1
63 7 1
63 36 1
63 41 1
63 15 1
63 16 1
63 19 1
63 61 1
63 76 1
63 77 1
63 10 1
63 100 1
63 111 1
63 113 1
63 12 1
63 138 1
63 25 1
63 144 1
106 28 1
106 130 1
40 104 1
40 130 1
129 61 1
130 37 1
130 40 1
130 66 1
130 87 1
130 101 1
130 104 1
130 122 1
44 51 1
44 61 1
44 87 1
44 89 1
44 104 1
128 28 1
128 104 1
128 106 1
128 108 1
128 112 1
128 124 1
128 130 1
128 12 1
128 139 1
90 28 1
90 95 1
90 104 1
90 106 1
90 130 1
18 3 1
18 41 1
18 42 1
87 27 1
87 28 1
87 50 1
87 71 1
87 80 1
87 88 1
87 92 1
87 113 1
87 122 1
87 125 1
87 129 1
87 12 1
87 149 1
101 130 1
101 149 1
80 14 1
80 48 1
80 15 1
84 3 1
84 14 1
84 5 1
84 19 1
84 63 1
84 20 1
84 75 1
84 21 1
84 100 1
84 23 1
84 111 1
84 112 1
84 12 1
84 25 1
84 144 1
107 57 1
102 2 1
102 3 1
102 4 1
102 7 1
102 16 1
102 63 1
102 10 1
107 57 1
15 4 1
15 7 1
15 13 1
15 76 1
135 122 1
135 129 1
93 3 1
93 54 1
93 63 1
93 90 1
93 100 1
93 114 1
93 137 1
11 4 1
11 58 1
11 63 1
11 76 1
11 1 1
11 4 1
11 58 1
11 63 1
11 76 1
11 1 1
114 37 1
114 39 1
114 43 1
114 44 1
114 46 1
114 55 1
114 18 1
114 19 1
114 57 1
114 59 1
114 63 1
114 65 1
114 73 1
114 75 1
114 80 1
114 21 1
114 81 1
114 94 1
114 96 1
114 105 1
114 111 1
114 128 1
114 130 1
114 131 1
114 142 1
114 144 1
114 1 1
114 145 1
114 146 1
114 148 1
114 149 1
54 27 1
54 31 1
54 42 1
54 47 1
54 61 1
54 76 1
10 2 1
10 4 1
10 6 1
10 7 1
10 63 1
10 65 1
10 76 1
10 102 1
10 111 1
10 1 1
4 2 1
4 3 1
4 14 1
4 5 1
4 6 1
4 41 1
4 13 1
4 15 1
4 16 1
4 19 1
4 61 1
4 63 1
4 65 1
4 75 1
4 76 1
4 21 1
4 84 1
4 102 1
4 11 1
4 131 1
4 12 1
4 132 1
4 25 1
123 116 1
123 117 1
123 142 1
137 80 1
61 42 1
61 8 1
61 68 1
61 76 1
61 89 1
61 93 1
61 105 1
61 114 1
61 12 1
89 4 1
89 44 1
89 63 1
89 75 1
89 100 1
89 22 1
89 125 1
100 2 1
100 8 1
100 58 1
100 63 1
100 69 1
100 75 1
100 89 1
100 11 1
100 112 1
100 125 1
11 2 1
11 5 1
11 6 1
11 21 1
11 111 1
27 54 1
27 61 1
27 87 1
27 113 1
7 3 1
7 14 1
7 5 1
7 6 1
7 41 1
7 8 1
7 13 1
7 15 1
7 17 1
7 19 1
7 61 1
7 62 1
7 63 1
7 65 1
7 20 1
7 76 1
7 9 1
7 77 1
7 21 1
7 22 1
7 11 1
7 23 1
7 112 1
7 113 1
7 119 1
7 12 1
7 132 1
7 25 1
7 144 1
7 1 1
41 3 1
41 4 1
41 14 1
41 75 1
41 23 1
41 119 1
138 8 1
138 63 1
138 75 1
138 77 1
138 100 1
138 111 1
37 28 1
37 40 1
50 87 1
50 122 1
19 14 1
19 6 1
19 8 1
19 15 1
19 75 1
19 76 1
19 9 1
19 77 1
19 10 1
19 100 1
19 23 1
19 14 1
19 6 1
19 8 1
19 15 1
19 75 1
19 76 1
19 9 1
19 77 1
19 10 1
19 100 1
19 23 1
19 112 1
19 131 1
19 12 1
14 3 1
14 7 1
14 16 1
14 63 1
14 76 1
14 10 1
14 22 1
14 12 1
14 138 1
14 144 1
110 50 1
110 53 1
20 41 1
20 13 1
20 19 1
20 63 1
20 138 1
20 144 1
144 19 1
144 111 1
108 88 1
71 2 1
71 27 1
71 3 1
71 28 1
71 29 1
71 4 1
71 30 1
71 14 1
71 31 1
71 32 1
71 33 1
71 5 1
71 6 1
71 34 1
71 26 1
71 7 1
71 35 1
71 36 1
71 37 1
71 39 1
71 40 1
71 41 1
71 42 1
71 43 1
71 44 1
71 45 1
71 46 1
71 47 1
71 48 1
71 49 1
71 8 1
71 13 1
71 50 1
71 51 1
71 15 1
71 52 1
71 53 1
71 54 1
71 55 1
71 16 1
71 17 1
71 18 1
71 19 1
71 56 1
71 57 1
71 58 1
71 59 1
71 60 1
71 61 1
71 62 1
71 63 1
71 64 1
71 65 1
71 20 1
71 66 1
71 67 1
71 68 1
71 69 1
71 70 1
71 72 1
71 73 1
71 74 1
71 75 1
71 76 1
71 77 1
71 79 1
71 10 1
71 80 1
71 21 1
71 81 1
71 82 1
71 83 1
71 84 1
71 85 1
71 86 1
71 87 1
71 88 1
71 89 1
71 90 1
71 91 1
71 92 1
71 93 1
71 94 1
71 95 1
71 96 1
71 97 1
71 98 1
71 99 1
71 100 1
71 22 1
71 101 1
71 102 1
71 11 1
71 103 1
71 104 1
71 105 1
71 106 1
71 107 1
71 108 1
71 109 1
71 110 1
71 23 1
71 111 1
71 112 1
71 113 1
71 114 1
71 116 1
71 117 1
71 118 1
71 119 1
71 120 1
71 121 1
71 122 1
71 123 1
71 124 1
71 125 1
71 24 1
71 126 1
71 127 1
71 128 1
71 129 1
71 130 1
71 131 1
71 12 1
71 132 1
71 133 1
71 134 1
71 135 1
71 136 1
71 137 1
71 138 1
71 25 1
71 139 1
71 140 1
71 141 1
71 142 1
71 143 1
71 144 1
71 1 1
71 145 1
71 146 1
71 147 1
71 148 1
71 149 1
71 150 1
67 50 1
67 114 1
67 50 1
67 114 1
124 30 1
124 39 1
124 128 1
22 3 1
22 14 1
22 8 1
22 15 1
22 63 1
22 20 1
22 75 1
22 77 1
22 89 1
22 109 1
22 111 1
22 112 1
22 125 1
22 138 1
22 25 1
22 141 1
22 142 1
22 144 1
113 2 1
113 27 1
113 3 1
113 14 1
113 5 1
113 6 1
113 7 1
113 41 1
113 15 1
113 19 1
113 20 1
113 77 1
113 21 1
113 100 1
6 27 1
6 28 1
6 29 1
6 13 1
6 99 1
6 119 1
17 15 1
17 16 1
17 56 1
17 61 1
17 20 1
17 76 1
17 77 1
17 21 1
17 100 1
17 22 1
17 111 1
17 125 1
115 139 1
115 149 1
105 17 1
105 76 1
105 11 1
70 91 1
25 4 1
25 7 1
25 8 1
25 16 1
25 10 1
25 84 1
25 89 1
25 100 1
25 102 1
59 49 1
59 86 1
59 107 1
8 3 1
8 5 1
8 6 1
8 63 1
8 75 1
8 76 1
8 77 1
8 84 1
8 22 1
8 125 1
149 5 1
149 44 1
149 88 1
149 92 1
149 5 1
149 44 1
149 88 1
149 92 1
