1 2 1
1 4 1
1 5 1
1 6 1
1 7 1
13 14 1
13 7 1
13 15 1
13 17 1
13 20 1
13 24 1
26 30 1
26 34 1
26 36 1
26 39 1
26 41 1
26 45 1
26 46 1
26 51 1
26 69 1
26 79 1
26 91 1
26 94 1
26 97 1
26 23 1
26 111 1
26 131 1
26 12 1
78 71 1
122 28 1
122 37 1
122 40 1
122 83 1
122 87 1
122 90 1
122 104 1
122 137 1
111 2 1
111 3 1
111 26 1
111 7 1
111 41 1
111 18 1
111 19 1
111 62 1
111 63 1
111 76 1
111 10 1
111 21 1
111 102 1
111 11 1
111 23 1
111 131 1
111 12 1
111 132 1
111 138 1
111 25 1
111 144 1
12 2 1
12 3 1
12 8 1
12 63 1
12 71 1
12 100 1
12 102 1
12 23 1
12 111 1
12 113 1
12 125 1
12 128 1
12 131 1
104 28 1
104 37 1
104 40 1
104 88 1
104 90 1
104 92 1
104 106 1
104 108 1
104 115 1
104 122 1
104 124 1
104 128 1
104 130 1
104 12 1
104 137 1
104 139 1
63 2 1
63 3 1
63 4 1
63 14 1
63 7 1
63 41 1
63 8 1
63 15 1
63 16 1
63 19 1
63 58 1
63 61 1
63 62 1
63 75 1
63 76 1
63 10 1
63 89 1
63 100 1
63 22 1
63 102 1
63 11 1
63 23 1
63 111 1
63 112 1
63 113 1
63 125 1
63 131 1
63 12 1
63 138 1
63 25 1
63 141 1
63 144 1
106 40 1
106 87 1
88 108 1
88 122 1
88 149 1
40 28 1
40 37 1
40 80 1
40 87 1
40 90 1
40 104 1
40 106 1
40 122 1
40 128 1
40 130 1
40 12 1
40 137 1
129 44 1
129 135 1
129 143 1
130 37 1
130 40 1
130 87 1
130 101 1
130 104 1
130 106 1
130 122 1
130 137 1
44 129 1
44 143 1
44 149 1
128 28 1
128 40 1
128 50 1
128 87 1
128 90 1
128 104 1
128 106 1
128 108 1
128 112 1
128 122 1
128 124 1
128 126 1
128 129 1
128 130 1
128 12 1
128 137 1
128 139 1
128 149 1
90 40 1
90 53 1
90 80 1
90 87 1
90 93 1
90 104 1
90 122 1
90 128 1
90 137 1
18 3 1
18 41 1
18 13 1
18 62 1
18 63 1
18 111 1
18 131 1
18 25 1
18 144 1
132 16 1
132 62 1
132 63 1
132 65 1
132 10 1
132 100 1
132 102 1
132 111 1
132 131 1
132 12 1
132 141 1
87 28 1
87 40 1
87 61 1
87 80 1
87 90 1
87 101 1
87 106 1
87 122 1
87 128 1
87 137 1
87 149 1
101 40 1
101 61 1
101 87 1
101 88 1
101 90 1
101 106 1
101 128 1
101 130 1
101 149 1
80 28 1
80 14 1
80 40 1
80 48 1
80 15 1
80 53 1
80 66 1
80 83 1
80 87 1
80 90 1
80 95 1
80 120 1
84 8 1
84 20 1
84 76 1
84 89 1
84 22 1
84 23 1
84 111 1
84 112 1
84 113 1
84 118 1
84 119 1
84 125 1
84 131 1
84 12 1
84 138 1
84 25 1
107 49 1
107 59 1
107 86 1
102 2 1
102 4 1
102 7 1
102 63 1
102 76 1
102 10 1
102 11 1
102 111 1
102 131 1
102 12 1
102 132 1
102 25 1
102 1 1
107 49 1
107 59 1
107 86 1
15 3 1
15 4 1
15 14 1
15 41 1
15 13 1
15 16 1
15 63 1
15 20 1
15 76 1
15 10 1
15 22 1
15 138 1
135 129 1
143 44 1
143 129 1
93 31 1
93 63 1
93 90 1
93 100 1
93 11 1
93 105 1
93 126 1
93 128 1
11 4 1
11 8 1
11 58 1
11 102 1
11 125 1
11 25 1
11 1 1
11 4 1
11 8 1
11 58 1
11 102 1
11 125 1
11 25 1
11 1 1
114 30 1
114 14 1
114 31 1
114 32 1
114 33 1
114 8 1
114 50 1
114 67 1
114 77 1
114 100 1
114 116 1
114 117 1
114 120 1
54 27 1
54 42 1
54 61 1
54 126 1
10 2 1
10 4 1
10 14 1
10 5 1
10 6 1
10 7 1
10 41 1
10 8 1
10 13 1
10 15 1
10 16 1
10 17 1
10 18 1
10 19 1
10 62 1
10 63 1
10 65 1
10 20 1
10 76 1
10 100 1
10 22 1
10 102 1
10 23 1
10 111 1
10 112 1
10 113 1
10 125 1
10 131 1
10 12 1
10 132 1
10 138 1
10 25 1
10 141 1
10 144 1
10 1 1
4 2 1
4 3 1
4 5 1
4 6 1
4 7 1
4 16 1
4 76 1
4 77 1
4 10 1
4 102 1
4 11 1
4 131 1
4 12 1
4 132 1
4 25 1
4 1 1
123 116 1
137 28 1
137 40 1
137 104 1
137 106 1
137 120 1
137 122 1
137 127 1
137 128 1
137 130 1
61 27 1
61 54 1
61 87 1
61 113 1
61 125 1
61 126 1
89 8 1
89 63 1
89 75 1
89 22 1
89 112 1
89 113 1
89 125 1
100 3 1
11 5 1
11 6 1
11 58 1
11 75 1
11 76 1
11 9 1
11 111 1
27 42 1
27 126 1
7 2 1
7 16 1
7 102 1
7 111 1
41 3 1
41 19 1
41 23 1
41 131 1
41 138 1
41 144 1
138 2 1
138 3 1
138 4 1
138 14 1
138 41 1
138 8 1
138 15 1
138 16 1
138 19 1
138 63 1
138 20 1
138 75 1
138 76 1
138 77 1
138 10 1
138 21 1
138 89 1
138 100 1
138 22 1
138 11 1
138 111 1
138 112 1
138 125 1
138 12 1
138 25 1
138 141 1
138 144 1
138 1 1
50 43 1
50 47 1
50 48 1
50 53 1
50 66 1
50 110 1
50 114 1
50 122 1
19 3 1
19 14 1
19 41 1
19 15 1
19 63 1
19 20 1
19 75 1
19 76 1
19 10 1
19 22 1
19 3 1
19 14 1
19 41 1
19 15 1
19 63 1
19 20 1
19 75 1
19 76 1
19 10 1
19 22 1
19 111 1
19 112 1
19 117 1
19 131 1
19 12 1
19 138 1
19 144 1
14 3 1
14 4 1
14 7 1
14 41 1
14 13 1
14 15 1
14 16 1
14 63 1
14 20 1
14 76 1
14 22 1
110 50 1
110 66 1
20 14 1
20 15 1
35 68 1
144 3 1
144 41 1
144 19 1
144 22 1
144 131 1
144 138 1
108 88 1
24 13 1
24 17 1
22 3 1
22 41 1
22 8 1
22 19 1
22 63 1
22 89 1
22 113 1
22 144 1
113 27 1
113 41 1
113 8 1
113 63 1
113 75 1
113 76 1
113 21 1
113 84 1
113 89 1
113 100 1
113 22 1
113 112 1
113 125 1
6 2 1
6 3 1
6 28 1
6 4 1
6 33 1
6 5 1
6 8 1
6 13 1
6 89 1
6 94 1
17 13 1
17 15 1
17 16 1
17 61 1
17 20 1
17 100 1
17 105 1
17 24 1
115 104 1
115 120 1
115 127 1
115 137 1
105 31 1
105 67 1
105 126 1
70 58 1
25 76 1
25 77 1
25 11 1
59 49 1
59 107 1
82 85 1
82 96 1
8 3 1
8 63 1
8 75 1
8 84 1
8 89 1
8 22 1
8 112 1
8 113 1
8 125 1
149 44 1
149 88 1
149 101 1
149 139 1
149 88 1
149 101 1
149 139 1
