1 3 1
1 8 1
1 9 1
1 10 1
1 11 1
1 12 1
13 4 1
13 6 1
13 16 1
13 18 1
13 19 1
13 10 1
13 21 1
13 22 1
13 11 1
13 23 1
13 25 1
26 2 1
26 27 1
26 3 1
26 28 1
26 29 1
26 4 1
26 14 1
26 31 1
26 32 1
26 33 1
26 5 1
26 6 1
26 7 1
26 35 1
26 37 1
26 38 1
26 40 1
26 42 1
26 43 1
26 44 1
26 47 1
26 48 1
26 49 1
26 8 1
26 13 1
26 50 1
26 15 1
26 52 1
26 53 1
26 54 1
26 55 1
26 16 1
26 17 1
26 18 1
26 19 1
26 56 1
26 57 1
26 58 1
26 59 1
26 60 1
26 61 1
26 62 1
26 63 1
26 64 1
26 65 1
26 20 1
26 66 1
26 67 1
26 68 1
26 70 1
26 71 1
26 72 1
26 73 1
26 74 1
26 75 1
26 76 1
26 9 1
26 77 1
26 78 1
26 10 1
26 80 1
26 21 1
26 81 1
26 82 1
26 83 1
26 84 1
26 85 1
26 86 1
26 87 1
26 88 1
26 89 1
26 90 1
26 92 1
26 93 1
26 95 1
26 96 1
26 98 1
26 99 1
26 100 1
26 101 1
26 102 1
26 11 1
26 103 1
26 104 1
26 105 1
26 106 1
26 107 1
26 108 1
26 109 1
26 110 1
26 112 1
26 113 1
26 114 1
26 115 1
26 116 1
26 117 1
26 118 1
26 119 1
26 120 1
26 121 1
26 122 1
26 123 1
26 124 1
26 125 1
26 24 1
26 126 1
26 127 1
26 128 1
26 129 1
26 130 1
26 132 1
26 133 1
26 134 1
26 135 1
26 136 1
26 137 1
26 138 1
26 25 1
26 139 1
26 140 1
26 141 1
26 142 1
26 143 1
26 144 1
26 1 1
26 145 1
26 146 1
26 147 1
26 148 1
26 149 1
26 150 1
78 38 1
78 69 1
122 50 1
122 135 1
111 30 1
111 14 1
111 5 1
111 6 1
111 42 1
111 97 1
111 22 1
111 1 1
12 27 1
12 4 1
12 14 1
12 26 1
12 7 1
12 40 1
12 41 1
12 42 1
12 15 1
12 19 1
12 62 1
12 69 1
12 74 1
12 75 1
12 76 1
12 9 1
12 77 1
12 84 1
12 89 1
12 96 1
12 22 1
12 101 1
12 11 1
12 103 1
12 112 1
12 119 1
12 124 1
12 132 1
12 25 1
12 139 1
12 141 1
12 144 1
12 1 1
104 2 1
104 43 1
104 51 1
104 72 1
63 5 1
63 6 1
63 36 1
63 13 1
63 9 1
63 77 1
63 21 1
63 84 1
63 93 1
63 96 1
63 109 1
63 142 1
63 1 1
63 147 1
63 150 1
106 28 1
106 104 1
106 130 1
106 137 1
88 87 1
88 92 1
88 104 1
88 137 1
129 61 1
130 66 1
130 139 1
44 61 1
44 87 1
44 89 1
44 101 1
44 104 1
128 27 1
128 42 1
128 63 1
90 28 1
90 95 1
90 106 1
90 130 1
18 42 1
18 8 1
18 21 1
18 23 1
132 2 1
132 4 1
132 7 1
132 21 1
132 23 1
87 27 1
87 50 1
87 71 1
87 88 1
87 92 1
87 113 1
87 125 1
87 129 1
87 12 1
84 3 1
84 14 1
84 5 1
84 6 1
84 41 1
84 15 1
84 19 1
84 63 1
84 75 1
84 9 1
84 77 1
84 21 1
84 100 1
84 144 1
107 57 1
107 141 1
102 3 1
102 14 1
102 5 1
102 6 1
102 41 1
102 8 1
102 16 1
102 19 1
102 61 1
102 65 1
102 20 1
102 75 1
102 9 1
102 77 1
102 21 1
102 100 1
102 22 1
102 23 1
102 112 1
102 119 1
102 125 1
102 141 1
102 144 1
107 57 1
15 2 1
15 5 1
15 6 1
15 7 1
15 19 1
15 111 1
15 113 1
15 125 1
15 24 1
15 12 1
15 144 1
135 122 1
143 3 1
93 3 1
93 54 1
93 61 1
93 114 1
93 137 1
11 75 1
11 76 1
11 9 1
11 75 1
11 76 1
11 9 1
114 2 1
114 27 1
114 3 1
114 26 1
114 38 1
114 40 1
114 41 1
114 42 1
114 46 1
114 52 1
114 54 1
114 16 1
114 17 1
114 56 1
114 58 1
114 60 1
114 62 1
114 20 1
114 66 1
114 68 1
114 69 1
114 70 1
114 76 1
114 78 1
114 83 1
114 86 1
114 88 1
114 90 1
114 92 1
114 93 1
114 22 1
114 11 1
114 103 1
114 106 1
114 109 1
114 110 1
114 124 1
114 125 1
114 126 1
114 127 1
114 132 1
114 133 1
114 135 1
114 136 1
114 137 1
114 138 1
114 25 1
114 140 1
114 142 1
114 143 1
114 145 1
114 147 1
114 150 1
54 31 1
54 47 1
54 76 1
10 61 1
10 75 1
10 9 1
10 77 1
10 21 1
10 84 1
10 89 1
10 11 1
10 119 1
10 24 1
4 14 1
4 41 1
4 15 1
4 19 1
4 65 1
4 75 1
4 21 1
4 84 1
4 89 1
4 100 1
4 22 1
4 113 1
4 141 1
4 144 1
123 117 1
123 142 1
137 37 1
137 80 1
137 87 1
137 90 1
137 105 1
137 115 1
137 124 1
61 44 1
61 101 1
61 129 1
89 6 1
89 76 1
89 84 1
89 100 1
89 25 1
100 2 1
100 14 1
100 33 1
100 5 1
100 6 1
100 7 1
100 41 1
100 8 1
100 13 1
100 15 1
100 17 1
100 19 1
100 58 1
100 63 1
100 20 1
100 69 1
100 75 1
100 76 1
100 77 1
100 89 1
100 93 1
100 22 1
100 102 1
100 11 1
100 112 1
100 113 1
100 125 1
100 12 1
100 138 1
100 25 1
11 2 1
11 8 1
11 21 1
11 93 1
11 125 1
11 25 1
27 31 1
27 54 1
27 61 1
27 87 1
27 113 1
7 18 1
7 84 1
7 100 1
7 125 1
7 138 1
41 75 1
41 76 1
41 21 1
41 22 1
41 119 1
138 31 1
138 5 1
138 6 1
138 7 1
138 17 1
138 18 1
138 62 1
138 9 1
138 102 1
138 23 1
138 119 1
138 131 1
50 28 1
50 67 1
50 87 1
19 2 1
19 5 1
19 6 1
19 7 1
19 8 1
19 9 1
19 77 1
19 100 1
19 23 1
19 2 1
19 5 1
19 6 1
19 7 1
19 8 1
19 9 1
19 77 1
19 100 1
19 23 1
19 113 1
19 125 1
19 25 1
19 1 1
19 148 1
14 19 1
14 10 1
14 12 1
14 138 1
14 144 1
110 53 1
20 41 1
20 13 1
20 19 1
20 63 1
20 76 1
20 22 1
20 138 1
20 144 1
35 4 1
144 14 1
144 8 1
144 15 1
144 62 1
144 63 1
144 20 1
144 76 1
144 21 1
144 23 1
144 111 1
144 112 1
144 113 1
71 2 1
71 27 1
71 3 1
71 28 1
71 29 1
71 4 1
71 30 1
71 14 1
71 31 1
71 32 1
71 33 1
71 5 1
71 6 1
71 34 1
71 26 1
71 7 1
71 35 1
71 36 1
71 37 1
71 38 1
71 39 1
71 40 1
71 41 1
71 42 1
71 43 1
71 44 1
71 45 1
71 46 1
71 47 1
71 48 1
71 49 1
71 8 1
71 13 1
71 50 1
71 51 1
71 15 1
71 52 1
71 53 1
71 54 1
71 55 1
71 16 1
71 17 1
71 18 1
71 19 1
71 56 1
71 57 1
71 58 1
71 59 1
71 60 1
71 61 1
71 62 1
71 63 1
71 64 1
71 65 1
71 20 1
71 66 1
71 67 1
71 68 1
71 69 1
71 70 1
71 72 1
71 73 1
71 74 1
71 75 1
71 76 1
71 9 1
71 77 1
71 78 1
71 79 1
71 10 1
71 80 1
71 21 1
71 81 1
71 82 1
71 83 1
71 84 1
71 85 1
71 86 1
71 87 1
71 88 1
71 89 1
71 90 1
71 91 1
71 92 1
71 93 1
71 94 1
71 95 1
71 96 1
71 97 1
71 98 1
71 99 1
71 100 1
71 22 1
71 101 1
71 102 1
71 11 1
71 103 1
71 104 1
71 105 1
71 106 1
71 107 1
71 108 1
71 109 1
71 110 1
71 23 1
71 111 1
71 112 1
71 113 1
71 114 1
71 115 1
71 116 1
71 117 1
71 118 1
71 119 1
71 120 1
71 121 1
71 122 1
71 123 1
71 124 1
71 125 1
71 24 1
71 126 1
71 127 1
71 128 1
71 129 1
71 130 1
71 131 1
71 12 1
71 132 1
71 133 1
71 134 1
71 135 1
71 136 1
71 137 1
71 138 1
71 25 1
71 139 1
71 140 1
71 141 1
71 142 1
71 143 1
71 144 1
71 1 1
71 145 1
71 146 1
71 147 1
71 148 1
71 149 1
71 150 1
67 50 1
67 114 1
67 122 1
67 50 1
67 114 1
67 122 1
124 30 1
124 39 1
124 128 1
124 139 1
22 2 1
22 4 1
22 14 1
22 15 1
22 64 1
22 20 1
22 75 1
22 76 1
22 77 1
22 10 1
22 21 1
22 84 1
22 109 1
22 23 1
22 111 1
22 112 1
22 125 1
22 131 1
22 12 1
22 138 1
22 25 1
22 141 1
22 142 1
113 2 1
113 3 1
113 14 1
113 5 1
113 6 1
113 7 1
113 15 1
113 19 1
113 20 1
113 77 1
113 101 1
113 11 1
113 119 1
113 131 1
6 27 1
6 29 1
6 16 1
6 119 1
17 56 1
17 76 1
17 77 1
17 21 1
17 22 1
17 111 1
17 125 1
115 139 1
115 149 1
105 17 1
105 76 1
105 93 1
105 11 1
70 73 1
70 91 1
103 12 1
103 12 1
59 86 1
8 14 1
8 5 1
8 6 1
8 41 1
8 19 1
8 61 1
8 76 1
8 77 1
8 21 1
8 100 1
8 102 1
8 111 1
8 12 1
8 138 1
8 144 1
149 5 1
149 80 1
149 87 1
149 92 1
149 95 1
149 128 1
149 5 1
149 44 1
149 80 1
149 87 1
149 92 1
149 95 1
149 128 1
