1 3 1
1 8 1
1 9 1
1 10 1
1 11 1
1 12 1
13 4 1
13 6 1
13 16 1
13 18 1
13 19 1
13 10 1
13 21 1
13 22 1
13 11 1
13 23 1
13 25 1
26 27 1
26 28 1
30 34 1
30 39 1
41 42 1
41 14 1
41 5 1
41 6 1
41 45 1
41 49 1
41 22 1
41 1 1
12 55 1
12 4 1
12 14 1
12 43 1
12 7 1
12 33 1
12 44 1
12 45 1
12 15 1
12 19 1
12 46 1
12 28 1
12 56 1
12 57 1
12 48 1
12 9 1
12 58 1
12 59 1
12 60 1
12 61 1
12 22 1
12 63 1
12 11 1
12 64 1
12 65 1
12 67 1
12 68 1
12 52 1
12 25 1
12 71 1
12 72 1
12 54 1
12 1 1
38 2 1
38 73 1
38 74 1
38 75 1
47 5 1
47 6 1
47 82 1
47 13 1
47 9 1
47 58 1
47 21 1
47 59 1
47 85 1
47 61 1
47 86 1
47 87 1
47 1 1
47 88 1
47 89 1
78 31 1
78 38 1
78 81 1
78 40 1
76 36 1
76 77 1
76 38 1
76 40 1
92 84 1
81 95 1
81 71 1
93 84 1
93 36 1
93 60 1
93 63 1
93 38 1
70 55 1
70 45 1
70 47 1
37 31 1
37 98 1
37 78 1
37 81 1
18 45 1
18 8 1
18 21 1
18 23 1
52 2 1
52 4 1
52 7 1
52 21 1
52 23 1
36 55 1
36 34 1
36 29 1
36 76 1
36 77 1
36 66 1
36 69 1
36 92 1
36 12 1
59 3 1
59 14 1
59 5 1
59 6 1
59 44 1
59 15 1
59 19 1
59 47 1
59 57 1
59 9 1
59 58 1
59 21 1
59 62 1
59 54 1
103 105 1
103 72 1
50 3 1
50 14 1
50 5 1
50 6 1
50 44 1
50 8 1
50 16 1
50 19 1
50 84 1
50 99 1
50 20 1
50 57 1
50 9 1
50 58 1
50 21 1
50 62 1
50 22 1
50 23 1
50 65 1
50 67 1
50 69 1
50 72 1
50 54 1
103 105 1
15 2 1
15 5 1
15 6 1
15 7 1
15 19 1
15 41 1
15 66 1
15 69 1
15 24 1
15 12 1
15 54 1
39 30 1
94 3 1
85 3 1
85 109 1
85 84 1
85 111 1
85 40 1
11 57 1
11 48 1
11 9 1
11 57 1
11 48 1
11 9 1
111 2 1
111 55 1
111 3 1
111 43 1
111 27 1
111 33 1
111 44 1
111 45 1
111 118 1
111 120 1
111 109 1
111 16 1
111 17 1
111 122 1
111 83 1
111 123 1
111 46 1
111 20 1
111 95 1
111 125 1
111 28 1
111 126 1
111 48 1
111 26 1
111 35 1
111 107 1
111 76 1
111 37 1
111 77 1
111 85 1
111 22 1
111 11 1
111 64 1
111 78 1
111 86 1
111 134 1
111 68 1
111 69 1
111 96 1
111 137 1
111 52 1
111 138 1
111 39 1
111 139 1
111 40 1
111 53 1
111 25 1
111 140 1
111 87 1
111 94 1
111 141 1
111 88 1
111 89 1
109 108 1
109 119 1
109 48 1
10 84 1
10 57 1
10 9 1
10 58 1
10 21 1
10 59 1
10 60 1
10 11 1
10 67 1
10 24 1
4 14 1
4 44 1
4 15 1
4 19 1
4 99 1
4 57 1
4 21 1
4 59 1
4 60 1
4 62 1
4 22 1
4 66 1
4 72 1
4 54 1
144 136 1
144 87 1
40 32 1
40 91 1
40 36 1
40 37 1
40 110 1
40 80 1
40 68 1
84 93 1
84 63 1
84 92 1
60 6 1
60 48 1
60 59 1
60 62 1
60 25 1
62 2 1
62 14 1
62 114 1
62 5 1
62 6 1
62 7 1
62 44 1
62 8 1
62 13 1
62 15 1
62 17 1
62 19 1
62 83 1
62 47 1
62 20 1
62 28 1
62 57 1
62 48 1
62 58 1
62 60 1
62 85 1
62 22 1
62 50 1
62 11 1
62 65 1
62 66 1
62 69 1
62 12 1
62 53 1
62 25 1
11 2 1
11 8 1
11 21 1
11 85 1
11 69 1
11 25 1
55 108 1
55 109 1
55 84 1
55 36 1
55 66 1
7 18 1
7 59 1
7 62 1
7 69 1
7 53 1
44 57 1
44 48 1
44 21 1
44 22 1
44 67 1
53 108 1
53 5 1
53 6 1
53 7 1
53 17 1
53 18 1
53 46 1
53 9 1
53 50 1
53 23 1
53 67 1
53 51 1
34 31 1
34 124 1
34 36 1
19 2 1
19 5 1
19 6 1
19 7 1
19 8 1
19 9 1
19 58 1
19 62 1
19 23 1
19 2 1
19 5 1
19 6 1
19 7 1
19 8 1
19 9 1
19 58 1
19 62 1
19 23 1
19 66 1
19 69 1
19 25 1
19 1 1
19 143 1
14 19 1
14 10 1
14 12 1
14 53 1
14 54 1
134 97 1
20 44 1
20 13 1
20 19 1
20 47 1
20 48 1
20 22 1
20 53 1
20 54 1
116 4 1
54 14 1
54 8 1
54 15 1
54 46 1
54 47 1
54 20 1
54 48 1
54 21 1
54 23 1
54 41 1
54 65 1
54 66 1
29 2 1
29 55 1
29 3 1
29 31 1
29 112 1
29 4 1
29 42 1
29 14 1
29 108 1
29 113 1
29 114 1
29 5 1
29 6 1
29 115 1
29 43 1
29 7 1
29 116 1
29 82 1
29 32 1
29 27 1
29 117 1
29 33 1
29 44 1
29 45 1
29 73 1
29 93 1
29 145 1
29 118 1
29 119 1
29 100 1
29 104 1
29 8 1
29 13 1
29 34 1
29 74 1
29 15 1
29 120 1
29 97 1
29 109 1
29 121 1
29 16 1
29 17 1
29 18 1
29 19 1
29 122 1
29 105 1
29 83 1
29 106 1
29 123 1
29 84 1
29 46 1
29 47 1
29 146 1
29 99 1
29 20 1
29 95 1
29 124 1
29 125 1
29 28 1
29 126 1
29 75 1
29 127 1
29 56 1
29 57 1
29 48 1
29 9 1
29 58 1
29 26 1
29 128 1
29 10 1
29 91 1
29 21 1
29 129 1
29 130 1
29 35 1
29 59 1
29 147 1
29 107 1
29 36 1
29 76 1
29 60 1
29 37 1
29 131 1
29 77 1
29 85 1
29 132 1
29 98 1
29 61 1
29 49 1
29 148 1
29 133 1
29 62 1
29 22 1
29 63 1
29 50 1
29 11 1
29 64 1
29 38 1
29 110 1
29 78 1
29 103 1
29 79 1
29 86 1
29 134 1
29 23 1
29 41 1
29 65 1
29 66 1
29 111 1
29 80 1
29 135 1
29 136 1
29 102 1
29 67 1
29 101 1
29 149 1
29 30 1
29 144 1
29 68 1
29 69 1
29 24 1
29 96 1
29 137 1
29 70 1
29 92 1
29 81 1
29 51 1
29 12 1
29 52 1
29 138 1
29 150 1
29 39 1
29 139 1
29 40 1
29 53 1
29 25 1
29 71 1
29 140 1
29 72 1
29 87 1
29 94 1
29 54 1
29 1 1
29 141 1
29 142 1
29 88 1
29 143 1
29 90 1
29 89 1
124 34 1
124 111 1
124 30 1
124 34 1
124 111 1
124 30 1
68 42 1
68 117 1
68 70 1
68 71 1
22 2 1
22 4 1
22 14 1
22 15 1
22 146 1
22 20 1
22 57 1
22 48 1
22 58 1
22 10 1
22 21 1
22 59 1
22 86 1
22 23 1
22 41 1
22 65 1
22 69 1
22 51 1
22 12 1
22 53 1
22 25 1
22 72 1
22 87 1
66 2 1
66 3 1
66 14 1
66 5 1
66 6 1
66 7 1
66 15 1
66 19 1
66 20 1
66 58 1
66 63 1
66 11 1
66 67 1
66 51 1
6 55 1
6 112 1
6 16 1
6 67 1
17 122 1
17 48 1
17 58 1
17 21 1
17 22 1
17 41 1
17 69 1
80 71 1
80 90 1
110 17 1
110 48 1
110 85 1
110 11 1
126 127 1
126 131 1
64 12 1
64 12 1
106 107 1
8 14 1
8 5 1
8 6 1
8 44 1
8 19 1
8 84 1
8 48 1
8 58 1
8 21 1
8 62 1
8 50 1
8 41 1
8 12 1
8 53 1
8 54 1
90 5 1
90 91 1
90 36 1
90 77 1
90 98 1
90 70 1
90 5 1
90 93 1
90 91 1
90 36 1
90 77 1
90 98 1
90 70 1
