1 2 1
1 4 1
1 5 1
1 6 1
1 7 1
13 4 1
13 14 1
13 6 1
13 7 1
13 16 1
13 18 1
13 19 1
13 10 1
13 21 1
26 28 1
30 31 1
30 32 1
30 33 1
30 34 1
30 35 1
30 36 1
30 39 1
30 40 1
41 2 1
41 42 1
41 14 1
41 5 1
41 6 1
41 43 1
41 7 1
41 45 1
41 47 1
41 48 1
41 10 1
41 49 1
41 22 1
41 50 1
41 11 1
41 52 1
41 53 1
41 25 1
41 54 1
41 1 1
12 3 1
12 4 1
12 7 1
12 33 1
12 47 1
12 61 1
12 62 1
12 66 1
12 69 1
12 70 1
12 71 1
38 2 1
38 32 1
38 73 1
38 74 1
38 75 1
38 79 1
47 4 1
47 14 1
47 6 1
47 7 1
47 82 1
47 44 1
47 15 1
47 16 1
47 19 1
47 84 1
47 48 1
47 58 1
47 10 1
47 62 1
47 41 1
47 66 1
47 12 1
47 53 1
47 25 1
47 54 1
78 31 1
78 81 1
33 38 1
33 81 1
92 84 1
81 32 1
81 33 1
81 95 1
81 36 1
81 63 1
81 38 1
81 30 1
93 74 1
93 84 1
93 36 1
93 60 1
93 38 1
70 31 1
70 38 1
70 78 1
70 79 1
70 65 1
70 68 1
70 81 1
70 12 1
70 71 1
37 31 1
37 98 1
37 38 1
37 78 1
37 81 1
18 3 1
18 44 1
18 45 1
36 55 1
36 31 1
36 34 1
36 29 1
36 91 1
36 76 1
36 77 1
36 66 1
36 30 1
36 69 1
36 92 1
36 12 1
36 90 1
63 81 1
63 90 1
91 14 1
91 100 1
91 15 1
59 3 1
59 14 1
59 5 1
59 19 1
59 47 1
59 20 1
59 57 1
59 21 1
59 62 1
59 23 1
59 41 1
59 65 1
59 12 1
59 25 1
59 54 1
103 105 1
50 2 1
50 3 1
50 4 1
50 7 1
50 16 1
50 47 1
50 10 1
103 105 1
15 4 1
15 7 1
15 13 1
15 48 1
39 30 1
39 92 1
85 3 1
85 109 1
85 47 1
85 37 1
85 62 1
85 111 1
85 40 1
11 4 1
11 83 1
11 47 1
11 48 1
11 1 1
11 4 1
11 83 1
11 47 1
11 48 1
11 1 1
111 32 1
111 117 1
111 73 1
111 93 1
111 118 1
111 121 1
111 18 1
111 19 1
111 105 1
111 106 1
111 47 1
111 99 1
111 127 1
111 57 1
111 91 1
111 21 1
111 129 1
111 132 1
111 61 1
111 110 1
111 41 1
111 70 1
111 81 1
111 51 1
111 87 1
111 54 1
111 1 1
111 141 1
111 142 1
111 143 1
111 90 1
109 55 1
109 108 1
109 45 1
109 119 1
109 84 1
109 48 1
10 2 1
10 4 1
10 6 1
10 7 1
10 47 1
10 99 1
10 48 1
10 50 1
10 41 1
10 1 1
4 2 1
4 3 1
4 14 1
4 5 1
4 6 1
4 44 1
4 13 1
4 15 1
4 16 1
4 19 1
4 84 1
4 47 1
4 99 1
4 57 1
4 48 1
4 21 1
4 59 1
4 50 1
4 11 1
4 51 1
4 12 1
4 52 1
4 25 1
144 135 1
144 136 1
144 87 1
40 91 1
84 45 1
84 8 1
84 125 1
84 48 1
84 60 1
84 85 1
84 110 1
84 111 1
84 12 1
60 4 1
60 93 1
60 47 1
60 57 1
60 62 1
60 22 1
60 69 1
62 2 1
62 8 1
62 83 1
62 47 1
62 28 1
62 57 1
62 60 1
62 11 1
62 65 1
62 69 1
11 2 1
11 5 1
11 6 1
11 21 1
11 41 1
55 109 1
55 84 1
55 36 1
55 66 1
7 3 1
7 14 1
7 5 1
7 6 1
7 44 1
7 8 1
7 13 1
7 15 1
7 17 1
7 19 1
7 84 1
7 46 1
7 47 1
7 99 1
7 20 1
7 48 1
7 9 1
7 58 1
7 21 1
7 22 1
7 11 1
7 23 1
7 65 1
7 66 1
7 67 1
7 12 1
7 52 1
7 25 1
7 54 1
7 1 1
44 3 1
44 4 1
44 14 1
44 57 1
44 23 1
44 67 1
53 8 1
53 47 1
53 57 1
53 58 1
53 62 1
53 41 1
32 31 1
32 33 1
34 36 1
34 30 1
19 14 1
19 6 1
19 8 1
19 15 1
19 57 1
19 48 1
19 9 1
19 58 1
19 10 1
19 62 1
19 23 1
19 14 1
19 6 1
19 8 1
19 15 1
19 57 1
19 48 1
19 9 1
19 58 1
19 10 1
19 62 1
19 23 1
19 65 1
19 51 1
19 12 1
14 3 1
14 7 1
14 16 1
14 47 1
14 48 1
14 10 1
14 22 1
14 12 1
14 53 1
14 54 1
134 34 1
134 97 1
20 44 1
20 13 1
20 19 1
20 47 1
20 53 1
20 54 1
54 19 1
54 41 1
79 76 1
29 2 1
29 55 1
29 3 1
29 31 1
29 112 1
29 4 1
29 42 1
29 14 1
29 108 1
29 113 1
29 114 1
29 5 1
29 6 1
29 115 1
29 43 1
29 7 1
29 116 1
29 82 1
29 32 1
29 117 1
29 33 1
29 44 1
29 45 1
29 73 1
29 93 1
29 145 1
29 118 1
29 119 1
29 100 1
29 104 1
29 8 1
29 13 1
29 34 1
29 74 1
29 15 1
29 120 1
29 97 1
29 109 1
29 121 1
29 16 1
29 17 1
29 18 1
29 19 1
29 122 1
29 105 1
29 83 1
29 106 1
29 123 1
29 84 1
29 46 1
29 47 1
29 146 1
29 99 1
29 20 1
29 95 1
29 124 1
29 125 1
29 28 1
29 126 1
29 75 1
29 127 1
29 56 1
29 57 1
29 48 1
29 58 1
29 128 1
29 10 1
29 91 1
29 21 1
29 129 1
29 130 1
29 35 1
29 59 1
29 147 1
29 107 1
29 36 1
29 76 1
29 60 1
29 37 1
29 131 1
29 77 1
29 85 1
29 132 1
29 98 1
29 61 1
29 49 1
29 148 1
29 133 1
29 62 1
29 22 1
29 63 1
29 50 1
29 11 1
29 64 1
29 38 1
29 110 1
29 78 1
29 103 1
29 79 1
29 86 1
29 134 1
29 23 1
29 41 1
29 65 1
29 66 1
29 111 1
29 135 1
29 136 1
29 102 1
29 67 1
29 101 1
29 149 1
29 30 1
29 144 1
29 68 1
29 69 1
29 24 1
29 96 1
29 137 1
29 70 1
29 92 1
29 81 1
29 51 1
29 12 1
29 52 1
29 138 1
29 150 1
29 39 1
29 139 1
29 40 1
29 53 1
29 25 1
29 71 1
29 140 1
29 72 1
29 87 1
29 94 1
29 54 1
29 1 1
29 141 1
29 142 1
29 88 1
29 143 1
29 90 1
29 89 1
124 34 1
124 111 1
124 34 1
124 111 1
68 42 1
68 117 1
68 70 1
22 3 1
22 14 1
22 8 1
22 15 1
22 47 1
22 20 1
22 57 1
22 58 1
22 60 1
22 86 1
22 41 1
22 65 1
22 69 1
22 53 1
22 25 1
22 72 1
22 87 1
22 54 1
66 2 1
66 55 1
66 3 1
66 14 1
66 5 1
66 6 1
66 7 1
66 44 1
66 15 1
66 19 1
66 20 1
66 58 1
66 21 1
66 62 1
6 55 1
6 31 1
6 112 1
6 13 1
6 133 1
6 67 1
17 15 1
17 16 1
17 122 1
17 84 1
17 20 1
17 48 1
17 58 1
17 21 1
17 62 1
17 22 1
17 41 1
17 69 1
80 71 1
80 90 1
110 17 1
110 48 1
110 11 1
126 131 1
25 4 1
25 7 1
25 8 1
25 16 1
25 10 1
25 59 1
25 60 1
25 62 1
25 50 1
106 104 1
106 107 1
106 103 1
8 3 1
8 5 1
8 6 1
8 47 1
8 57 1
8 48 1
8 58 1
8 59 1
8 22 1
8 69 1
90 5 1
90 93 1
90 76 1
90 77 1
90 5 1
90 93 1
90 76 1
90 77 1
