1 2 1
1 4 1
1 5 1
1 6 1
1 7 1
13 14 1
13 7 1
13 15 1
13 17 1
13 20 1
13 24 1
26 29 1
30 31 1
30 32 1
30 33 1
30 35 1
30 36 1
30 37 1
30 38 1
30 40 1
41 2 1
41 3 1
41 43 1
41 7 1
41 44 1
41 18 1
41 19 1
41 46 1
41 47 1
41 48 1
41 10 1
41 21 1
41 50 1
41 11 1
41 23 1
41 51 1
41 12 1
41 52 1
41 53 1
41 25 1
41 54 1
12 2 1
12 3 1
12 8 1
12 47 1
12 29 1
12 62 1
12 50 1
12 23 1
12 41 1
12 66 1
12 69 1
12 70 1
12 51 1
38 31 1
38 32 1
38 33 1
38 76 1
38 37 1
38 77 1
38 78 1
38 79 1
38 80 1
38 30 1
38 68 1
38 70 1
38 81 1
38 12 1
38 40 1
38 71 1
47 2 1
47 3 1
47 4 1
47 14 1
47 7 1
47 44 1
47 8 1
47 15 1
47 16 1
47 19 1
47 83 1
47 84 1
47 46 1
47 57 1
47 48 1
47 10 1
47 60 1
47 62 1
47 22 1
47 50 1
47 11 1
47 23 1
47 41 1
47 65 1
47 66 1
47 69 1
47 51 1
47 12 1
47 53 1
47 25 1
47 72 1
47 54 1
78 33 1
78 36 1
76 79 1
76 30 1
76 90 1
33 31 1
33 32 1
33 91 1
33 36 1
33 37 1
33 38 1
33 78 1
33 30 1
33 70 1
33 81 1
33 12 1
33 40 1
92 93 1
92 39 1
92 94 1
81 32 1
81 33 1
81 36 1
81 63 1
81 38 1
81 78 1
81 30 1
81 40 1
93 92 1
93 94 1
93 90 1
70 31 1
70 33 1
70 34 1
70 36 1
70 37 1
70 38 1
70 78 1
70 79 1
70 65 1
70 30 1
70 68 1
70 96 1
70 92 1
70 81 1
70 12 1
70 40 1
70 71 1
70 90 1
37 33 1
37 97 1
37 91 1
37 36 1
37 85 1
37 38 1
37 30 1
37 70 1
37 40 1
18 3 1
18 44 1
18 13 1
18 46 1
18 47 1
18 41 1
18 51 1
18 25 1
18 54 1
52 16 1
52 46 1
52 47 1
52 99 1
52 10 1
52 62 1
52 50 1
52 41 1
52 51 1
52 12 1
52 72 1
36 31 1
36 33 1
36 84 1
36 91 1
36 37 1
36 63 1
36 78 1
36 30 1
36 70 1
36 40 1
36 90 1
63 33 1
63 84 1
63 36 1
63 76 1
63 37 1
63 78 1
63 70 1
63 81 1
63 90 1
91 31 1
91 14 1
91 33 1
91 100 1
91 15 1
91 97 1
91 95 1
91 35 1
91 36 1
91 37 1
91 98 1
91 101 1
59 8 1
59 20 1
59 48 1
59 60 1
59 22 1
59 23 1
59 41 1
59 65 1
59 66 1
59 102 1
59 67 1
59 69 1
59 51 1
59 12 1
59 53 1
59 25 1
103 104 1
103 106 1
103 107 1
50 2 1
50 4 1
50 7 1
50 47 1
50 48 1
50 10 1
50 11 1
50 41 1
50 51 1
50 12 1
50 52 1
50 25 1
50 1 1
103 104 1
103 106 1
103 107 1
15 3 1
15 4 1
15 14 1
15 44 1
15 13 1
15 16 1
15 47 1
15 20 1
15 48 1
15 10 1
15 22 1
15 53 1
39 92 1
94 93 1
94 92 1
85 108 1
85 47 1
85 37 1
85 62 1
85 11 1
85 110 1
85 96 1
85 70 1
11 4 1
11 8 1
11 83 1
11 50 1
11 69 1
11 25 1
11 1 1
11 4 1
11 8 1
11 83 1
11 50 1
11 69 1
11 25 1
11 1 1
111 42 1
111 14 1
111 108 1
111 113 1
111 114 1
111 8 1
111 34 1
111 124 1
111 58 1
111 62 1
111 135 1
111 136 1
111 101 1
109 55 1
109 45 1
109 84 1
109 96 1
10 2 1
10 4 1
10 14 1
10 5 1
10 6 1
10 7 1
10 44 1
10 8 1
10 13 1
10 15 1
10 16 1
10 17 1
10 18 1
10 19 1
10 46 1
10 47 1
10 99 1
10 20 1
10 48 1
10 62 1
10 22 1
10 50 1
10 23 1
10 41 1
10 65 1
10 66 1
10 69 1
10 51 1
10 12 1
10 52 1
10 53 1
10 25 1
10 72 1
10 54 1
10 1 1
4 2 1
4 3 1
4 5 1
4 6 1
4 7 1
4 16 1
4 48 1
4 58 1
4 10 1
4 50 1
4 11 1
4 51 1
4 12 1
4 52 1
4 25 1
4 1 1
144 135 1
40 31 1
40 33 1
40 38 1
40 78 1
40 101 1
40 30 1
40 137 1
40 70 1
40 81 1
84 55 1
84 109 1
84 36 1
84 66 1
84 69 1
84 96 1
60 8 1
60 47 1
60 57 1
60 22 1
60 65 1
60 66 1
60 69 1
62 3 1
11 5 1
11 6 1
11 83 1
11 57 1
11 48 1
11 9 1
11 41 1
55 45 1
55 96 1
7 2 1
7 16 1
7 50 1
7 41 1
44 3 1
44 19 1
44 23 1
44 51 1
44 53 1
44 54 1
53 2 1
53 3 1
53 4 1
53 14 1
53 44 1
53 8 1
53 15 1
53 16 1
53 19 1
53 47 1
53 20 1
53 57 1
53 48 1
53 58 1
53 10 1
53 21 1
53 60 1
53 62 1
53 22 1
53 11 1
53 41 1
53 65 1
53 69 1
53 12 1
53 25 1
53 72 1
53 54 1
53 1 1
34 73 1
34 119 1
34 100 1
34 97 1
34 95 1
34 134 1
34 111 1
34 30 1
19 3 1
19 14 1
19 44 1
19 15 1
19 47 1
19 20 1
19 57 1
19 48 1
19 10 1
19 22 1
19 3 1
19 14 1
19 44 1
19 15 1
19 47 1
19 20 1
19 57 1
19 48 1
19 10 1
19 22 1
19 41 1
19 65 1
19 136 1
19 51 1
19 12 1
19 53 1
19 54 1
14 3 1
14 4 1
14 7 1
14 44 1
14 13 1
14 15 1
14 16 1
14 47 1
14 20 1
14 48 1
14 22 1
134 34 1
134 95 1
20 14 1
20 15 1
116 125 1
54 3 1
54 44 1
54 19 1
54 22 1
54 51 1
54 53 1
79 76 1
24 13 1
24 17 1
22 3 1
22 44 1
22 8 1
22 19 1
22 47 1
22 60 1
22 66 1
22 54 1
66 55 1
66 44 1
66 8 1
66 47 1
66 57 1
66 48 1
66 21 1
66 59 1
66 60 1
66 62 1
66 22 1
66 65 1
66 69 1
6 2 1
6 3 1
6 31 1
6 4 1
6 114 1
6 5 1
6 8 1
6 13 1
6 60 1
6 132 1
17 13 1
17 15 1
17 16 1
17 84 1
17 20 1
17 62 1
17 110 1
17 24 1
80 38 1
80 101 1
80 137 1
80 40 1
110 108 1
110 124 1
110 96 1
126 83 1
25 48 1
25 58 1
25 11 1
106 104 1
106 103 1
130 147 1
130 61 1
8 3 1
8 47 1
8 57 1
8 59 1
8 60 1
8 22 1
8 65 1
8 66 1
8 69 1
90 93 1
90 76 1
90 63 1
90 71 1
90 76 1
90 63 1
90 71 1
