13 15 1
13 17 1
13 20 1
13 24 1
26 29 1
30 37 1
30 38 1
41 3 1
41 44 1
41 18 1
41 19 1
41 46 1
41 21 1
41 23 1
41 51 1
41 12 1
12 2 1
12 50 1
12 11 1
12 41 1
12 51 1
38 31 1
38 33 1
38 76 1
38 37 1
38 77 1
38 78 1
38 80 1
38 30 1
38 68 1
38 70 1
38 81 1
38 12 1
38 40 1
38 71 1
47 3 1
47 8 1
47 83 1
47 57 1
47 60 1
47 22 1
47 50 1
47 11 1
47 65 1
47 69 1
78 33 1
78 36 1
78 38 1
78 40 1
76 79 1
76 30 1
76 90 1
33 31 1
33 32 1
33 36 1
33 37 1
33 78 1
33 30 1
33 70 1
33 12 1
33 40 1
92 93 1
92 39 1
92 94 1
81 78 1
81 40 1
93 92 1
93 94 1
93 90 1
70 33 1
70 36 1
70 37 1
70 96 1
70 40 1
37 33 1
37 97 1
37 91 1
37 36 1
37 85 1
37 30 1
37 70 1
37 40 1
18 46 1
18 41 1
36 33 1
36 84 1
36 37 1
36 63 1
36 78 1
36 70 1
36 40 1
63 36 1
91 31 1
91 33 1
91 36 1
91 37 1
91 98 1
91 53 1
59 6 1
59 44 1
59 8 1
59 48 1
59 58 1
59 60 1
59 22 1
59 66 1
59 102 1
59 67 1
59 69 1
59 51 1
59 53 1
103 104 1
103 106 1
103 107 1
103 72 1
50 11 1
50 12 1
103 104 1
103 106 1
103 107 1
103 72 1
15 14 1
15 20 1
94 93 1
94 92 1
85 11 1
85 110 1
85 96 1
11 8 1
11 57 1
11 9 1
11 50 1
11 69 1
11 25 1
11 8 1
11 57 1
11 9 1
11 50 1
11 69 1
11 25 1
111 31 1
111 112 1
111 4 1
111 114 1
111 5 1
111 6 1
111 115 1
111 7 1
111 116 1
111 82 1
111 119 1
111 100 1
111 13 1
111 34 1
111 16 1
111 124 1
111 29 1
111 128 1
111 130 1
111 36 1
111 60 1
111 131 1
111 98 1
111 133 1
111 65 1
111 30 1
109 96 1
10 16 1
4 7 1
4 58 1
4 10 1
40 31 1
40 32 1
40 33 1
40 36 1
40 37 1
40 38 1
40 110 1
40 78 1
40 80 1
40 101 1
40 30 1
40 68 1
40 137 1
40 70 1
40 81 1
60 6 1
60 8 1
60 59 1
60 65 1
60 66 1
62 3 1
11 8 1
11 83 1
11 57 1
11 48 1
11 9 1
11 85 1
11 69 1
11 25 1
55 108 1
55 45 1
55 96 1
7 4 1
7 10 1
44 19 1
44 48 1
44 21 1
44 22 1
44 51 1
44 53 1
44 54 1
53 44 1
53 19 1
53 20 1
53 48 1
53 22 1
53 54 1
32 30 1
34 73 1
34 119 1
34 100 1
34 97 1
34 95 1
34 124 1
34 134 1
34 111 1
19 3 1
19 44 1
19 47 1
19 20 1
19 22 1
19 3 1
19 44 1
19 47 1
19 20 1
19 22 1
19 41 1
19 136 1
19 53 1
19 54 1
14 4 1
14 44 1
14 13 1
14 15 1
14 19 1
14 20 1
134 95 1
20 14 1
20 15 1
20 48 1
20 22 1
116 125 1
54 3 1
54 44 1
54 22 1
54 53 1
29 27 1
29 26 1
22 44 1
22 19 1
22 48 1
22 66 1
66 8 1
66 47 1
66 57 1
66 48 1
66 59 1
66 60 1
66 22 1
66 65 1
66 67 1
66 69 1
66 51 1
6 2 1
6 3 1
6 4 1
6 114 1
6 5 1
6 7 1
6 8 1
6 16 1
6 60 1
6 132 1
17 13 1
17 20 1
17 24 1
80 38 1
80 101 1
80 137 1
80 40 1
110 108 1
110 124 1
110 85 1
110 96 1
126 83 1
25 48 1
25 58 1
25 11 1
130 147 1
125 116 1
8 60 1
8 65 1
8 66 1
90 63 1
90 71 1
90 63 1
90 71 1
